nv 0 0 0 0
0.0% 255 255 255
0.4% 255 250 255
0.8% 255 245 255
1.2% 255 236 255
1.6% 255 231 255
2.0% 255 226 255
2.4% 255 222 255
2.8% 255 217 255
3.1% 255 212 255
3.5% 255 207 255
3.9% 255 202 255
4.3% 255 198 255
4.7% 255 193 255
5.1% 255 188 255
5.5% 255 183 255
5.9% 255 179 255
6.3% 255 174 255
6.7% 255 169 255
7.1% 255 164 255
7.5% 255 160 255
7.9% 255 155 255
8.3% 255 150 255
8.7% 255 145 255
9.1% 255 140 255
9.4% 255 136 255
9.8% 255 131 255
10.2% 255 126 255
10.6% 255 121 255
11.0% 255 117 255
11.4% 255 112 255
11.8% 255 107 255
12.2% 255 102 255
12.6% 249 99 250
13.0% 242 97 245
13.4% 235 94 239
13.8% 229 92 234
14.2% 222 89 229
14.6% 216 86 223
15.0% 209 84 218
15.4% 202 81 213
15.7% 196 78 208
16.1% 189 76 202
16.5% 182 73 197
16.9% 176 70 192
17.3% 169 68 186
17.7% 163 65 181
18.1% 156 62 176
18.5% 149 60 170
18.9% 143 57 165
19.3% 136 54 160
19.7% 130 52 155
20.1% 123 49 149
20.5% 116 47 144
20.9% 110 44 139
21.3% 103 41 133
21.7% 96 39 128
22.0% 90 36 123
22.4% 83 33 118
22.8% 77 31 112
23.2% 70 28 107
23.6% 63 25 102
24.0% 57 23 96
24.4% 50 20 91
24.8% 43 17 86
25.2% 37 15 80
25.6% 30 12 75
26.0% 24 9 70
26.4% 17 7 65
26.8% 10 4 59
27.2% 4 1 54
27.6% 0 3 53
28.0% 0 10 59
28.3% 0 17 64
28.7% 0 23 70
29.1% 0 30 75
29.5% 0 37 80
29.9% 0 44 86
30.3% 0 50 91
30.7% 0 57 97
31.1% 0 64 102
31.5% 0 71 108
31.9% 0 77 113
32.3% 0 84 118
32.7% 0 91 124
33.1% 0 98 129
33.5% 0 104 135
33.9% 0 111 140
34.3% 0 118 145
34.6% 0 125 151
35.0% 0 132 156
35.4% 0 138 162
35.8% 0 145 167
36.2% 0 152 172
36.6% 0 159 178
37.0% 0 165 183
37.4% 0 172 189
37.8% 0 179 194
38.2% 0 186 200
38.6% 0 192 205
39.0% 0 199 210
39.4% 0 206 216
39.8% 0 213 221
40.2% 0 219 227
40.6% 0 226 232
40.9% 0 233 237
41.3% 0 240 243
41.7% 0 247 248
42.1% 0 253 254
42.5% 0 253 250
42.9% 0 249 244
43.3% 0 246 238
43.7% 0 243 232
44.1% 0 240 226
44.5% 0 237 220
44.9% 0 234 214
45.3% 0 230 208
45.7% 0 227 201
46.1% 0 224 195
46.5% 0 221 189
46.9% 0 218 183
47.2% 0 215 177
47.6% 0 211 171
48.0% 0 208 165
48.4% 0 205 159
48.8% 0 202 152
49.2% 0 199 146
49.6% 0 196 140
50.0% 0 192 134
50.4% 0 189 128
50.8% 0 186 122
51.2% 0 183 116
51.6% 0 180 110
52.0% 0 177 103
52.4% 0 173 97
52.8% 0 170 91
53.1% 0 167 85
53.5% 0 164 79
53.9% 0 161 73
54.3% 0 157 67
54.7% 0 154 60
55.1% 0 151 54
55.5% 0 148 48
55.9% 0 145 42
56.3% 0 142 36
56.7% 0 138 30
57.1% 0 135 24
57.5% 0 132 18
57.9% 0 129 11
58.3% 0 126 5
58.7% 1 113 0
59.1% 7 117 0
59.4% 14 121 0
59.8% 21 124 0
60.2% 27 128 0
60.6% 34 132 0
61.0% 40 135 0
61.4% 47 139 0
61.8% 53 143 0
62.2% 60 146 0
62.6% 67 150 0
63.0% 73 154 0
63.4% 80 157 0
63.8% 86 161 0
64.2% 93 165 0
64.6% 99 168 0
65.0% 106 172 0
65.4% 113 176 0
65.7% 119 179 0
66.1% 126 183 0
66.5% 132 187 0
66.9% 139 190 0
67.3% 145 194 0
67.7% 152 198 0
68.1% 159 201 0
68.5% 165 205 0
68.9% 172 209 0
69.3% 178 212 0
69.7% 185 216 0
70.1% 191 220 0
70.5% 198 223 0
70.9% 205 227 0
71.3% 211 231 0
71.7% 218 234 0
72.0% 224 238 0
72.4% 231 242 0
72.8% 237 245 0
73.2% 244 249 0
73.6% 251 253 0
74.0% 255 253 0
74.4% 255 245 0
74.8% 255 237 0
75.2% 255 229 0
75.6% 255 222 0
76.0% 255 214 0
76.4% 255 206 0
76.8% 255 199 0
77.2% 255 191 0
77.6% 255 183 0
78.0% 255 175 0
78.3% 255 168 0
78.7% 255 160 0
79.1% 255 152 0
79.5% 255 145 0
79.9% 255 137 0
80.3% 255 129 0
80.7% 255 121 0
81.1% 255 114 0
81.5% 255 106 0
81.9% 255 98 0
82.3% 255 91 0
82.7% 255 83 0
83.1% 255 75 0
83.5% 255 67 0
83.9% 255 60 0
84.3% 255 52 0
84.6% 255 44 0
85.0% 255 37 0
85.4% 255 29 0
85.8% 255 21 0
86.2% 255 13 0
86.6% 255 6 0
87.0% 253 0 0
87.4% 247 0 0
87.8% 241 0 0
88.2% 235 0 0
88.6% 229 0 0
89.0% 223 0 0
89.4% 216 0 0
89.8% 210 0 0
90.2% 204 0 0
90.6% 198 0 0
90.9% 192 0 0
91.3% 186 0 0
91.7% 179 0 0
92.1% 173 0 0
92.5% 167 0 0
92.9% 161 0 0
93.3% 155 0 0
93.7% 149 0 0
94.1% 142 0 0
94.5% 136 0 0
94.9% 130 0 0
95.3% 124 0 0
95.7% 118 0 0
96.1% 112 0 0
96.5% 105 0 0
96.9% 99 0 0
97.2% 93 0 0
97.6% 87 0 0
98.0% 81 0 0
98.4% 75 0 0
98.8% 68 0 0
99.2% 62 0 0
100.0% 62 0 0
